10 10
10 2
0.9072972039379557 0.5997386782389925 0.4602646819399814 0.5205233320289526 0.770208049848713 0.8807404829073852 0.3623873557950902 0.7981330805569407 0.8303660221699924 0.6490615644127925
0.2707103509998914 0.7263012922518342 0.4796460068524324 0.30023925569614995 0.5826747420107814 0.5195020272728587 0.9058771058650172 0.07311440764896915 0.12543405326876544 0.8259396285569687
0.29482851541145194 0.8017558246930889 0.6774803439233255 0.11092971497860726 0.21249224582393034 0.7886965496190204 0.9336119904909881 0.2848991050940207 0.4766478951081752 0.05150924414642988
0.25015737668502225 0.7049591045606268 0.24093850784781456 0.681218797353193 0.9904568104044863 0.19408837669405254 0.7789215748085682 0.6504911479562615 0.47393509503867304 0.0366563103868397
0.08607268894230402 0.8233086998330866 0.221767472243928 0.07348954154302256 0.0865444696653328 0.7915132834770457 0.6851504140255352 0.7137561018586348 0.6614934140613958 0.8537847370732347
0.6665892658513943 0.15509910397828097 0.08185992084714222 0.1689322870699329 0.8812366055449657 0.10516373646434596 0.14524436920699546 0.5628692870438947 0.8926118342557319 0.12192284608669368
0.5701947742134379 0.7527566234024269 0.7781865838432879 0.5667516337794305 0.3419887898065562 0.5637024653919929 0.07666049096926053 0.9224357906022495 0.0904099871134485 0.5164059664233818
0.7755898304323969 0.9301081782067429 0.07214907514453295 0.4931684709502866 0.10863680728396019 0.13804615201402604 0.15633079051578924 0.1639323113940846 0.865650130531933 0.9942120786694411
0.7620891162516259 0.9237235665318586 0.732006641296591 0.9919230425672795 0.3941693844119102 0.6581235106874672 0.28592705428411647 0.20710355639425304 0.7859508855178591 0.8323710883990886
0.274669355416968 0.31623398174596895 0.6117676516230278 0.5899154064283907 0.050008879085001734 0.43395988199649826 0.4145167671846579 0.2655038961843752 0.9602241786141597 0.7579376046748504
0.8126816101205038 0.9065634474605859
0.8706774973006984 0.7593387294447775
0.204454980609034 0.8484174328855372
0.21702894835392006 0.5133598833271089
0.3337577698990605 0.8493649455477106
0.5913043067555789 0.16753831682103681
0.0216025623621392 0.4111533668638597
0.9857117898782197 0.11152914083376553
0.21187981235766495 0.4276081444533112
0.061649268710904814 0.1795689109614732
